10 10
1 1 1 0 0 11 2 0
1 2 2 0 1 12 3 0
1 3 3 0 2 13 4 0
1 4 4 0 3 14 5 0
1 5 5 0 4 15 6 0
1 6 6 0 5 16 7 0
1 7 7 0 6 17 8 0
1 8 8 0 7 18 9 0
1 9 9 0 8 19 10 0
1 10 10 0 9 20 0 0

2 1 11 0 0 21 12 1
2 2 12 0 11 22 13 2
2 3 13 0 12 23 14 3
2 4 14 0 13 24 15 4
2 5 15 0 14 25 16 5
2 6 16 0 15 26 17 6
2 7 17 0 16 27 18 7
2 8 18 0 17 28 19 8
2 9 19 0 18 29 20 9
2 10 20 0 19 30 0 10

3 1 21 0 0 31 22 11
3 2 22 0 21 32 23 12
3 3 23 0 22 33 24 13
3 4 24 0 23 34 25 14
3 5 25 0 24 35 26 15
3 6 26 0 25 36 27 16
3 7 27 0 26 37 28 17
3 8 28 0 27 38 29 18
3 9 29 0 28 39 30 19
3 10 30 0 29 40 0 20

4 1 31 0 0 41 32 21
4 2 32 0 31 42 33 22
4 3 33 0 32 43 34 23
4 4 34 0 33 44 35 24
4 5 35 0 34 45 36 25
4 6 36 0 35 46 37 26
4 7 37 0 36 47 38 27
4 8 38 0 37 48 39 28
4 9 39 0 38 49 40 29
4 10 40 0 39 50 0 30

5 1 41 0 0 51 42 31
5 2 42 0 41 52 43 32
5 3 43 2 42 53 44 33
5 4 44 0 43 54 45 34
5 5 45 0 44 55 46 35
5 6 46 0 45 56 47 36
5 7 47 0 46 57 48 37
5 8 48 0 47 58 49 38
5 9 49 0 48 59 50 39
5 10 50 0 49 60 0 40

6 1 51 0 0 61 52 41
6 2 52 0 51 62 53 42
6 3 53 0 52 63 54 43
6 4 54 0 53 64 55 44
6 5 55 0 54 65 56 45
6 6 56 0 55 66 57 46
6 7 57 0 56 67 58 47
6 8 58 0 57 68 59 48
6 9 59 0 58 69 60 49
6 10 60 0 59 70 0 50

7 1 61 0 0 71 62 51
7 2 62 0 61 72 63 52
7 3 63 0 62 73 64 53
7 4 64 0 63 74 65 54
7 5 65 0 64 75 66 55
7 6 66 0 65 76 67 56
7 7 67 0 66 77 68 57
7 8 68 0 67 78 69 58
7 9 69 0 68 79 70 59
7 10 70 0 69 80 0 60

8 1 71 0 0 81 72 61
8 2 72 0 71 82 73 62
8 3 73 0 72 83 74 63
8 4 74 0 73 84 75 64
8 5 75 0 74 85 76 65
8 6 76 0 75 86 77 66
8 7 77 0 76 87 78 67
8 8 78 0 77 88 79 68
8 9 79 0 78 89 80 69
8 10 80 0 79 90 0 70

9 1 81 0 0 91 82 71
9 2 82 0 81 92 83 72
9 3 83 0 82 93 84 73
9 4 84 0 83 94 85 74
9 5 85 0 84 95 86 75
9 6 86 0 85 96 87 76
9 7 87 0 86 97 88 77
9 8 88 0 87 98 89 78
9 9 89 0 88 99 90 79
9 10 90 0 89 100 0 80

10 1 91 0 0 0 92 81
10 2 92 0 91 0 93 82
10 3 93 0 92 0 94 83
10 4 94 0 93 0 95 84
10 5 95 0 94 0 96 85
10 6 96 0 95 0 97 86
10 7 97 0 96 0 98 87
10 8 98 0 97 0 99 88
10 9 99 0 98 0 100 89
10 10 100 0 99 0 0 90