6 6
1 1 1 0 0 7 2 0
1 2 2 0 1 8 3 0
1 3 3 0 2 9 4 0
1 4 4 0 3 10 5 0
1 5 5 0 4 11 6 0
1 6 6 0 5 12 0 0

2 1 7 0 0 13 8 1
2 2 8 0 7 14 9 2
2 3 9 0 8 15 10 3
2 4 10 0 9 16 11 4
2 5 11 0 10 17 12 5
2 6 12 0 11 18 0 6

3 1 13 0 0 19 14 7
3 2 14 0 13 20 15 8
3 3 15 0 14 21 16 9
3 4 16 0 15 22 17 10
3 5 17 0 16 23 18 11
3 6 18 0 17 24 0 12

4 1 19 0 0 25 20 13
4 2 20 0 19 26 21 14
4 3 21 2 20 27 22 15
4 4 22 0 21 28 23 16
4 5 23 0 22 29 24 17
4 6 24 0 23 30 0 18

5 1 25 0 0 31 26 19
5 2 26 0 25 32 27 20
5 3 27 0 26 33 28 21
5 4 28 0 27 34 29 22
5 5 29 0 28 35 30 23
5 6 30 0 29 36 0 24

6 1 31 0 0 0 32 25
6 2 32 0 31 0 33 26
6 3 33 0 32 0 34 27
6 4 34 0 33 0 35 28
6 5 35 0 34 0 36 29
6 6 36 0 35 0 0 30

