6 7
1 1 1 0 0 8 2 0
1 2 2 0 1 9 3 0
1 3 3 0 2 10 4 0
1 4 4 0 3 11 5 0
1 5 5 0 4 12 6 0
1 6 6 0 5 13 7 0
1 7 7 0 6 14 0 0

2 1 8 0 0 15 9 1
2 2 9 0 8 16 10 2
2 3 10 0 9 17 11 3
2 4 11 0 10 18 12 4
2 5 12 0 11 19 13 5
2 6 13 0 12 20 14 6
2 7 14 0 13 21 0 7

3 1 15 0 0 22 16 8
3 2 16 0 15 23 17 9
3 3 17 0 16 24 18 10
3 4 18 0 17 25 19 11
3 5 19 0 18 26 20 12
3 6 20 0 19 27 21 13
3 7 21 0 20 28 0 14

4 1 22 0 0 29 23 15
4 2 23 0 22 30 24 16
4 3 24 0 23 31 25 17
4 4 25 0 24 32 26 18
4 5 26 0 25 33 27 19
4 6 27 0 26 34 28 20
4 7 28 0 27 35 0 21

5 1 29 0 0 36 30 22
5 2 30 0 29 37 31 23
5 3 31 0 30 38 32 24
5 4 32 0 31 39 33 25
5 5 33 0 32 40 34 26
5 6 34 2 33 41 35 27
5 7 35 0 34 42 0 28

6 1 36 0 0 0 37 29
6 2 37 0 36 0 38 30
6 3 38 0 37 0 39 31
6 4 39 0 38 0 40 32
6 5 40 0 39 0 41 33
6 6 41 0 40 0 42 34
6 7 42 0 41 0 0 35

